camera_matrix:
- - 856.9513326152472
  - 0.0
  - 598.560750798682
- - 0.0
  - 855.8460676602527
  - 333.99354328739264
- - 0.0
  - 0.0
  - 1.0
distortion_coefficients:
- - -0.03041432408954187
  - -0.09458512458138228
  - -0.0045407738018448645
  - -0.00412013954842442
  - 0.024702592297032932
